datetime,open,high,low,close,volume,return
20230718,206.27,211.28,201.42,201.57,1801600,-0.024865750194490333
20230719,202.31,203.66,197.61,198.58,1188800,-0.014833583293742403
20230720,197.0,200.6,196.67,198.5,1334000,-0.0004028695252140668
20230721,200.3,200.9,194.84,197.91,1327000,-0.002972273742522069
20230724,198.47,199.04,194.01,197.66,1304400,-0.0012632004212723702
20230725,199.3,202.25,196.68,200.01,1351100,0.011889055960677686
20230726,196.1,199.41,190.76,197.41,1855000,-0.012999304615438634
20230727,199.5,200.65,194.35,198.8,2931700,0.007041180101630351
20230728,223.59,224.5,194.22,208.4,11359300,0.04828969163661023
20230731,210.08,218.51,205.69,207.4,3714500,-0.004798464631897814
20230801,207.38,211.49,202.39,202.68,2347900,-0.022757962196753634
20230802,198.88,200.0,190.1,194.28,2529700,-0.04144461318350989
20230803,193.57,198.21,193.29,196.24,1186500,0.010088566636721863
20230804,196.58,200.35,193.0,194.38,1457200,-0.009478192816379405
20230807,193.62,196.16,191.11,195.6,1442300,0.006276372003584552
20230808,193.76,198.15,193.48,196.1,1134400,0.0025562371390488448
20230809,198.13,209.06,197.67,203.6,2532200,0.03824579177239262
20230810,204.13,209.29,204.12,205.01,1695800,0.006925286645637074
20230811,201.96,205.56,201.33,204.87,1215600,-0.0006828905585076761
20230814,204.76,213.43,198.0,211.43,1768400,0.032020294405929794
20230815,209.0,210.2,197.74,199.83,2083500,-0.05486445275772511
20230816,199.3,199.45,191.64,191.89,1705100,-0.03973378556098439
20230817,191.46,191.46,182.46,183.44,2699900,-0.044035629658238595
20230818,180.76,184.87,179.32,181.91,2303500,-0.008340595066147483
20230821,182.0,182.81,176.6,181.7,2702200,-0.0011544539037955381
20230822,182.52,183.68,174.23,176.5,2526500,-0.028618585776440164
20230823,176.94,182.38,176.85,180.58,1876600,0.023116157683029437
20230824,180.89,181.08,173.74,174.42,1774800,-0.03411232472947079
20230825,175.1,178.43,174.62,177.45,1560500,0.01737185420883902
20230828,177.99,179.42,174.91,176.76,1327900,-0.0038884330981843185
20230829,176.65,182.83,175.57,181.61,1481200,0.02743836984747161
20230830,181.06,186.9,181.06,184.96,1489300,0.01844615435414898
20230831,186.0,190.93,185.91,189.12,2154500,0.02249128596624561
20230901,191.27,193.48,183.65,186.37,1953600,-0.014541032524329145
20230905,183.9,190.06,182.61,186.48,1772700,0.0005902270388664643
20230906,189.1,189.7,177.73,182.09,2257200,-0.02354139580774417
20230907,179.49,180.69,173.81,180.5,2233500,-0.008731925805194662
20230908,185.18,187.69,181.17,183.21,2546900,0.015013887611452503
20230911,185.23,186.68,178.31,179.37,1942900,-0.020959617138581965
20230912,178.0,183.06,177.66,180.94,1283300,0.008752898293792333
20230913,181.3,182.29,170.17,170.5,2051200,-0.05769869736122635
20230914,175.0,177.59,170.57,177.0,2679700,0.038123167155425186
20230915,176.69,177.64,171.68,174.05,3252700,-0.016666649425097102
20230918,174.05,174.97,167.41,167.74,1786300,-0.036253935351654776
20230919,167.6,173.65,166.66,169.18,1448100,0.008584637745679968
20230920,169.45,173.47,168.16,169.24,1014000,0.0003547276272664046
20230921,166.64,168.03,164.48,166.24,1159900,-0.017726305262505848
20230922,168.0,168.38,161.9,162.45,1535600,-0.022798414459133998
20230925,161.75,166.33,161.71,164.34,1450000,0.01163434549186615
20230926,162.89,164.74,160.73,161.39,1221900,-0.017950572069971638
20230927,161.25,164.5,158.16,158.61,2007600,-0.0172253472322349
20230928,159.1,162.91,157.5,161.5,1517800,0.018220789222163525
20230929,163.49,165.67,160.52,161.59,1384700,0.0005572528661959009
20231002,160.5,161.99,156.09,156.34,1620700,-0.03248963499585744
20231003,154.65,155.33,149.63,151.25,2858000,-0.032557224364326065
20231004,151.4,152.88,146.61,151.82,3376200,0.003768643465908994
20231005,152.22,152.5,143.56,145.35,2998600,-0.042616262077277645
20231006,143.01,150.13,142.51,148.56,2477000,0.022084563607049468
20231009,145.3,147.16,143.03,143.8,2427500,-0.03204088977558406
20231010,143.41,153.17,143.09,151.56,3128700,0.05396379931955142
20231011,152.92,155.85,149.65,151.5,1869600,-0.00039586671654934236
20231012,156.34,156.78,147.76,149.39,2128700,-0.013927396767997147
20231013,148.67,152.26,147.34,147.92,1719900,-0.009840024276785542
20231016,148.68,152.0,145.78,151.29,1424800,0.02278255245337757
20231017,149.1,158.39,148.46,158.06,2417400,0.044748526491483975
20231018,156.24,156.4,151.54,153.13,1421400,-0.031190641224410176
20231019,156.5,156.5,150.97,151.97,1740500,-0.007575286522044533
20231020,148.18,154.22,147.05,150.77,3188800,-0.007896275176700551
20231023,149.18,154.19,146.75,151.32,1552200,0.003647960709504794
20231024,153.76,158.61,152.16,155.9,2342600,0.030266893672906914
20231025,154.08,154.25,149.59,151.36,1380700,-0.029121189633575684
20231026,153.59,154.43,149.25,151.15,1163200,-0.0013874650701661828
20231027,148.88,149.7,142.38,143.26,3162500,-0.05219979959147025
20231030,143.93,144.22,132.19,136.32,5294600,-0.04844330202934655
20231031,137.74,142.61,136.27,142.45,3926300,0.04496764447381585
20231101,148.49,152.27,138.35,142.84,4725500,0.0027377985117833514
20231102,145.6,151.85,145.52,147.59,2288900,0.03325399133141804
20231103,151.74,154.98,148.45,151.94,2573000,0.029473583653710334
20231106,151.94,151.94,145.6,146.97,1816700,-0.03271028788234842
20231107,146.98,147.99,144.05,144.33,2521900,-0.01796284525904024
20231108,143.47,143.47,135.65,137.83,2964100,-0.045035681546021
20231109,138.88,140.0,131.16,132.53,3050500,-0.03845318857540392
20231110,132.36,134.22,129.22,133.92,2560700,0.010488186844121339
20231113,132.2,134.22,129.5,133.84,2612700,-0.0005973852460314788
20231114,137.67,150.66,137.21,149.14,3964600,0.1143156266466987
20231115,150.0,158.08,147.38,152.42,2988800,0.021992750387020088
20231116,151.53,157.02,151.26,154.51,2325200,0.013712087409776919
20231117,156.22,156.22,151.86,155.02,1876600,0.003300820553730821
20231120,155.0,162.36,153.85,159.29,2093400,0.027544761295239084
20231121,159.84,162.48,158.06,158.6,1380700,-0.004331641733311908
20231122,160.0,161.56,158.89,159.72,1311500,0.00706175960962141
20231124,159.01,159.08,154.17,154.38,1111300,-0.03343348545628766
20231127,153.3,157.64,151.87,154.65,1612600,0.0017488599891988255
20231128,153.27,156.98,151.52,155.02,1287600,0.0023925663794350793
20231129,158.0,160.82,154.6,155.43,1722800,0.002644745142696081
20231130,155.96,158.27,152.52,157.78,2705500,0.015119386310579186
20231201,157.54,161.07,154.5,160.29,2133700,0.015908191952434425
20231204,161.15,165.71,159.46,159.54,1933400,-0.004679019473543655
20231205,158.41,160.45,155.08,155.39,1608800,-0.026012248157998963
20231206,156.75,156.82,144.98,145.29,3281500,-0.06499778713679849
20231207,145.37,146.37,142.48,144.18,2367500,-0.007639897182495803
20231208,150.99,153.24,142.59,145.38,4314200,0.008323014759265002
20231211,145.31,149.2,144.27,146.11,1897000,0.005021293871378729
20231212,145.74,146.38,137.54,139.9,3489300,-0.042502270124740726
20231213,138.27,146.77,137.17,146.56,3215800,0.047605460705289815
20231214,151.69,164.16,151.32,158.25,5557800,0.07976257257190977
20231215,164.45,169.21,160.1,168.67,6053900,0.06584517010391977
20231218,166.5,169.36,162.95,165.94,2583400,-0.016185425725828262
20231219,167.91,177.51,167.0,172.66,3839100,0.04049657178398536
20231220,172.0,172.14,162.69,164.6,2948900,-0.046681323917766915
20231221,167.54,171.95,165.29,170.04,2102900,0.033049738644578275
20231222,171.23,172.06,169.16,170.39,1314700,0.002058375190162831
20231226,170.81,173.75,170.55,171.94,985300,0.00909679592294177
20231227,173.2,174.89,170.94,172.44,1071800,0.002907991118415776
20231228,172.53,176.08,171.23,173.22,1108200,0.004523305313463455
20231229,173.45,173.95,171.1,172.28,1079200,-0.005426639157036894
20240102,170.98,177.89,169.36,172.16,1766700,-0.0006965121780690975
20240103,169.0,170.42,164.12,167.42,1954500,-0.027532559202699924
20240104,166.43,168.27,164.32,166.31,1265900,-0.00663003597235412
20240105,165.08,170.5,164.5,166.87,1106100,0.0033671911900332585
20240108,164.72,167.05,161.55,166.13,1544100,-0.004434531407850328
20240109,164.79,167.71,163.4,166.91,1224000,0.004695110794989077
20240110,166.69,166.76,159.71,162.33,1903100,-0.02743994805923311
20240111,162.49,163.64,158.38,160.29,1535600,-0.012567045659526488
20240112,160.52,162.92,157.55,160.44,1290200,0.0009358610116456667
20240116,159.56,159.56,148.9,149.1,3035600,-0.07068060437129486
20240117,145.95,147.46,143.76,147.26,1988600,-0.012340788204946329
20240118,148.73,148.94,145.71,147.45,1700300,0.0012902515855888197
20240119,147.69,147.77,140.07,145.92,3164500,-0.010376390715246542
20240122,148.49,159.23,147.94,149.91,2747400,0.027343787988158175
20240123,153.88,157.67,149.8,151.46,1773200,0.010339557160250923
20240124,153.54,154.13,148.25,148.87,1600500,-0.017100300289651038
20240125,150.19,151.28,145.91,149.23,1521200,0.0024182214157271176
20240126,149.06,150.65,147.42,147.83,1148600,-0.009381451025706977
20240129,146.99,149.33,144.33,149.3,1652700,0.009943862561694994
20240130,148.4,150.75,146.49,149.03,1354100,-0.0018084679634422507
20240131,149.0,154.92,146.05,146.3,2419000,-0.018318430852180323
20240201,149.78,154.31,146.81,147.89,2311900,0.010868054030922503
20240202,143.98,144.02,138.83,141.82,2620100,-0.04104396572101521
20240205,138.85,140.77,135.88,139.8,2217600,-0.01424343652615212
20240206,139.95,142.44,138.41,141.11,2027200,0.009370511659493763
20240207,148.4,150.27,142.56,145.46,2270000,0.03082705750620285
20240208,146.12,146.13,142.0,143.17,1487700,-0.015743217649003216
20240209,144.5,153.01,144.0,151.5,2749300,0.05818259368296563
20240212,152.4,159.28,151.13,157.22,2844700,0.0377557836350042
20240213,150.0,155.41,149.79,152.34,2509800,-0.03103933879228271
20240214,156.46,158.59,153.7,158.24,1742500,0.038729219489983535
20240215,160.0,163.43,157.75,159.78,1953000,0.009732009812141618
20240216,157.64,159.44,155.03,156.98,1155500,-0.017524114865124285
20240220,154.89,155.95,152.35,153.25,1605600,-0.023760962091074256
20240221,149.41,150.65,147.42,150.03,1201300,-0.021011427215028577
20240222,150.1,150.36,144.66,144.73,2136400,-0.035326288708129816
20240223,144.12,144.93,141.7,142.89,1879400,-0.012713303338683923
20240226,143.16,146.0,141.76,144.58,2616500,0.011827296862097159
20240227,147.0,147.56,144.28,144.99,3707100,0.002835825542376602
20240228,153.95,158.12,146.45,149.25,8492800,0.029381297644248905
20240229,151.85,157.23,149.85,153.89,4084700,0.031088773129972713
20240301,152.74,161.49,152.69,158.05,2888500,0.027032319699841434
20240304,160.0,161.2,154.16,156.7,2382700,-0.008541639211949503
20240305,154.83,164.2,152.4,159.06,2766300,0.015060629587191787
20240306,161.08,163.57,156.88,158.42,1795200,-0.004023635102928247
20240307,160.0,161.89,158.18,160.35,1106700,0.012182855427836037
20240308,162.24,165.35,160.19,161.35,1625100,0.00623635772956832
20240311,161.75,168.71,161.58,162.16,1744200,0.0050201272262369034
20240312,161.53,162.36,157.61,159.38,1681500,-0.017143553999231065
20240313,157.67,160.22,156.01,158.04,1351500,-0.008407651873677424
20240314,157.75,157.75,148.63,149.39,2717900,-0.054732942697760634
20240315,147.51,149.55,146.85,147.42,2438700,-0.013186968530368937
20240318,148.34,151.4,146.1,149.48,1422100,0.013973664253020601
20240319,147.41,149.53,145.77,147.48,1879300,-0.013379716732434543
20240320,147.55,151.96,146.48,151.02,1405900,0.024003313313500696
20240321,152.0,156.36,151.29,152.68,1693200,0.010991844499788739
20240322,152.26,153.82,151.33,153.31,1016100,0.004126309359670399
20240325,153.13,156.07,152.29,154.77,1152900,0.009523232255673308
20240326,155.5,157.55,152.63,153.16,1229600,-0.01040253644703193
20240327,154.86,167.7,154.5,167.45,3378100,0.0933010769421132
20240328,168.64,173.02,167.14,168.8,2133800,0.008062144688679274
20240401,169.72,172.24,167.37,171.87,1887500,0.018187156456912934
20240402,169.76,171.49,165.64,167.17,1643400,-0.0273462330934352
20240403,166.23,167.07,162.16,166.73,1254800,-0.0026320658385219353
20240404,170.1,177.34,168.2,171.46,3393500,0.02836928631640845
20240405,167.35,176.29,167.01,174.6,2343900,0.018313304949815423
20240408,176.52,181.97,176.07,179.22,2225600,0.026460452208967533
20240409,181.0,186.93,180.94,184.7,2009900,0.03057692048997729
20240410,179.13,185.86,178.71,185.29,2013100,0.003194349472869451
20240411,188.0,188.32,179.59,184.44,1595100,-0.004587354285311984
20240412,185.66,187.88,181.04,182.48,1912500,-0.010626798351349276
20240415,181.38,182.0,175.87,175.96,1614500,-0.03572988363835161
20240416,174.22,175.66,172.01,173.08,1856200,-0.016367383342373643
20240417,175.53,183.65,172.41,178.01,3343000,0.028483895445029273
20240418,178.48,179.07,173.19,174.29,1633900,-0.020897709878645476
20240419,179.42,179.7,174.14,175.04,3261000,0.004303173038561869
20240422,175.39,178.7,170.25,176.28,2012000,0.0070841267180412615
20240423,177.25,183.23,175.66,180.1,1981100,0.02167011204147684
20240424,181.2,183.78,174.93,177.48,2085700,-0.014547530745060988
20240425,176.9,177.0,170.56,175.02,1684900,-0.013860668888310168
20240426,175.5,180.72,175.5,178.73,1339000,0.02119752807971964
20240429,180.15,182.43,177.9,180.83,1351900,0.01174960081528198
20240430,178.35,180.22,176.23,176.3,1300600,-0.025051146012425196
20240501,176.61,183.69,175.07,177.58,2477900,0.007260344623596593
20240502,178.54,181.4,172.09,180.51,3452700,0.016499564396720512
20240503,185.0,193.51,185.0,191.55,3008300,0.06116009573366754
20240506,192.97,198.05,192.13,193.81,1768900,0.011798457169563514
20240507,194.2,197.67,191.51,194.67,1745100,0.004437338739925245
20240508,192.0,193.84,190.35,190.72,1569400,-0.020290732960372093
20240509,190.87,193.85,188.73,193.61,1230600,0.015153100729608848
20240510,197.0,199.1,190.92,191.05,1775200,-0.01322244486608859
20240513,192.5,194.29,188.37,189.54,1998200,-0.007903741122767372
20240514,194.34,196.41,183.35,186.97,2386200,-0.013559101806814855
20240515,192.08,196.0,186.06,191.93,2376600,0.026528274176044198
20240516,193.09,196.1,191.9,194.62,1549100,0.014015539749174799
20240517,194.08,199.01,193.69,197.59,1719200,0.01526051431105424
20240520,198.73,199.15,194.5,196.34,1401100,-0.006326231201818633
20240521,197.71,212.37,197.64,212.11,3916300,0.08031987657431561
20240522,213.33,253.99,213.19,251.75,14385400,0.18688416046194622
20240523,245.0,251.98,237.56,249.81,4874400,-0.007706067294563024
20240524,253.88,278.8,251.0,276.74,8773200,0.10780190120079047
20240528,276.76,283.63,271.5,280.16,4702100,0.01235821908079826
20240529,274.38,286.6,272.13,278.19,4384600,-0.007031700438864474
20240530,272.92,278.47,268.11,276.78,3481800,-0.005068491497663974
20240531,279.36,281.0,261.21,271.76,5149700,-0.018137109024539022
20240603,273.26,283.5,271.41,272.72,3279900,0.0035324971319585785
20240604,274.05,278.1,265.43,266.17,2292600,-0.024017262260379924
20240605,268.17,285.52,266.54,273.06,2906300,0.025885651212659955
20240606,270.0,278.5,267.36,273.45,2154300,0.0014283111840789342
20240607,266.85,279.95,265.09,267.34,2556400,-0.02234417844719161
20240610,265.91,283.96,263.07,279.8,3450900,0.046607285201462956
20240611,279.89,294.58,275.42,294.53,4102600,0.052644787809023263
20240612,300.5,306.77,296.4,300.71,3730900,0.020982557638932198
20240613,300.24,304.52,287.02,291.56,2571800,-0.03042796766482314
20240614,288.18,290.9,272.81,273.61,3173700,-0.06156541486259237
20240617,273.21,274.08,254.24,261.33,5104300,-0.04488139847497985
20240618,255.29,263.7,253.57,262.37,2960700,0.00397967549978917
20240620,260.0,262.87,253.61,260.07,2814500,-0.008766199778070916
20240621,259.32,266.56,256.01,258.87,3970100,-0.004614189153827497
20240624,256.65,268.12,254.51,261.28,2519700,0.009309706445578492
20240625,259.82,261.0,255.09,256.74,1439500,-0.017376027886301437
20240626,256.43,256.43,243.29,247.93,2807700,-0.03431486287177621
20240627,245.9,251.64,243.43,249.92,1921200,0.008026481474415315
20240628,248.73,248.73,225.12,225.46,6087900,-0.09787128534845468
20240701,224.75,226.18,217.26,222.71,3592300,-0.012197285186325901
20240702,222.65,227.54,214.37,216.73,3188400,-0.026851110439824577
20240703,220.05,231.72,216.77,231.11,3989500,0.06634986003917165
20240705,231.51,233.58,220.8,222.12,2474500,-0.03889924914292697
20240708,227.96,231.99,223.19,227.12,2220600,0.022510355258031023
20240709,227.0,229.78,222.7,225.23,1571900,-0.008321589601449464
20240710,226.87,231.27,224.9,228.57,1642500,0.014829337388613695
20240711,236.0,240.96,228.37,233.45,2476900,0.021350087359018
20240712,235.7,238.79,232.4,233.24,1641000,-0.0008995136338539877
20240715,220.22,220.36,209.21,213.42,5197200,-0.08497687728274228
20240716,216.9,223.73,213.0,221.25,3100800,0.036688229304811415
20240717,215.56,217.94,206.85,208.17,3385300,-0.05911865234375002
20240718,213.65,217.8,209.76,213.58,3234600,0.025988392706420393
20240719,214.0,218.35,211.79,216.43,2565200,0.01334390308218536
20240722,225.51,226.26,217.82,220.24,2525500,0.017603904016622707
20240723,222.86,226.8,220.0,223.01,1916200,0.012577138324480597
20240724,224.02,232.87,221.01,221.33,2298200,-0.007533261814101078
20240725,218.78,224.11,215.01,216.19,1654100,-0.023223238364096233
20240726,221.57,230.79,220.5,226.74,2209300,0.0487996805246218
20240729,226.75,229.16,218.7,220.4,2020900,-0.027961592321963824
20240730,222.0,224.46,209.25,210.89,3448000,-0.04314879659798232
20240731,220.12,227.5,209.79,215.99,5256400,0.024183252493128693
20240801,219.1,227.99,215.33,218.5,3359000,0.011620882647347175
20240802,216.7,223.31,210.72,213.05,2782400,-0.024942777795158744
20240805,201.0,212.16,195.27,207.09,2684900,-0.027974684949519935
20240806,206.31,215.88,205.0,210.45,1797100,0.01622483301834321
20240807,216.5,219.67,208.38,208.76,1501300,-0.008030422741331256
20240808,208.5,215.27,204.0,213.13,1723800,0.020933179205623542
20240809,210.13,213.7,207.0,211.8,815000,-0.006240331255967346
20240812,212.85,220.52,212.2,219.23,1691500,0.03508022931409305
20240813,222.0,232.21,221.67,230.27,2365600,0.050358111390206295
20240814,232.52,232.77,225.14,225.54,1266800,-0.020541151250996093
20240815,228.5,233.09,225.8,229.58,1267500,0.017912603818323714
20240816,229.0,229.97,222.53,225.4,1479600,-0.018207195318546643
20240819,225.0,231.98,224.98,228.38,1274800,0.013220989649612491
20240820,227.02,230.89,217.19,220.2,1805900,-0.03581753113092223
20240821,222.0,224.42,219.45,222.63,882800,0.011035458529735864
20240822,222.0,224.0,217.77,218.26,941200,-0.019629026996054955
20240823,220.0,231.28,219.04,231.07,1274300,0.05869152909275632
20240826,236.22,244.21,233.04,233.19,2461100,0.009174687540529192
20240827,230.48,235.54,226.9,235.42,1300400,0.00956299886012224
20240828,235.07,238.11,226.01,228.57,1087000,-0.0290968944779737
20240829,231.0,234.28,222.63,223.1,1186400,-0.023931404145007162
20240830,224.67,228.41,223.45,227.37,1235100,0.019139349604906153
20240903,226.65,229.49,210.89,212.74,2498500,-0.06434441631791865
20240904,211.68,217.98,211.1,215.4,1156200,0.012503470596205268
20240905,216.19,217.22,213.26,214.76,1081500,-0.0029712135923086747
20240906,214.0,217.48,207.43,208.65,1318800,-0.028450366765850665
20240909,209.57,210.2,204.4,205.36,1407500,-0.01576800087406205
20240910,205.74,208.54,202.15,208.22,1218400,0.013926765688796916
20240911,215.5,241.66,214.42,239.84,5552500,0.1518585867438922
20240912,236.75,239.99,228.55,235.95,2584500,-0.016219143800219826
20240913,242.68,243.81,227.43,228.79,2176300,-0.03034542807678009
20240916,228.79,235.32,225.75,233.31,1603000,0.019756127475418328
20240917,233.36,241.5,232.0,239.98,1648800,0.028588565594023452
20240918,240.0,251.67,237.4,241.81,2487300,0.007625643235415147
20240919,251.38,251.49,239.71,240.45,2079000,-0.005624253025444115
20240920,236.15,241.63,234.79,240.2,1899500,-0.0010397172101184182
20240923,241.16,249.78,236.0,249.28,1752000,0.03780183991014474
20240924,250.27,250.47,242.57,244.73,1806800,-0.018252579725765328
20240925,244.73,245.53,239.32,241.72,1369900,-0.012299246350606752
20240926,249.36,257.87,248.11,255.66,2661600,0.05767004125024089
20240927,258.33,262.72,254.4,255.75,2011700,0.0003520157107155253
20240930,251.72,255.63,247.29,249.44,1666700,-0.024672522223240456
20241001,249.44,252.9,233.0,240.66,3040100,-0.03519884017544184
20241002,238.71,238.99,228.1,234.44,2612700,-0.025845595969640645
20241003,234.08,237.72,232.32,235.12,970500,0.0029004976484385825
20241004,239.56,240.6,226.02,231.13,1734900,-0.01697001666058362
20241007,230.17,231.15,226.3,229.62,1302600,-0.006533162002876236
20241008,228.09,231.6,223.17,225.64,1508800,-0.01733296669354889
20241009,226.62,228.99,224.15,226.05,1518100,0.0018170699486723674
20241010,220.0,221.0,203.18,205.04,6803000,-0.0929440808758335
20241011,207.21,214.5,205.39,211.49,3038200,0.03145733719387267
20241014,211.0,213.69,208.25,209.96,1515500,-0.0072343786446510405
20241015,206.0,208.12,201.86,201.98,2807500,-0.0380072905846458
20241016,202.95,207.56,199.89,205.62,2397400,0.01802158365503992
20241017,206.39,207.53,201.24,203.37,2057500,-0.010942515579370982
20241018,204.84,204.84,200.07,200.55,2180900,-0.013866313286798881
20241021,199.38,200.03,194.6,196.25,2569400,-0.02144105203851865
20241022,201.49,204.61,199.62,201.4,4032700,0.026242007115844013
20241023,198.68,200.2,190.81,192.41,3681700,-0.044637490103379474
20241024,194.31,196.24,193.33,196.04,1858700,0.018865909022059313
20241025,197.0,200.95,194.01,198.47,1876000,0.012395470402937425
20241028,203.58,205.92,199.75,205.03,2658000,0.033052841831239244
20241029,206.42,206.8,198.69,199.67,5039300,-0.0261425188619413
20241030,187.63,201.31,183.68,197.5,7077400,-0.01086792301720374
20241031,198.52,202.34,194.17,194.48,2857400,-0.015291160873219911
20241101,195.85,206.02,195.69,204.94,2838800,0.05378448654699364
20241104,209.68,221.2,209.4,212.28,5906300,0.035815342297505826
20241105,208.7,216.0,205.63,215.89,2815600,0.01700584431463459
20241106,188.54,198.0,173.37,194.02,13756200,-0.10130156644132227
20241107,194.75,199.42,188.19,196.7,4623000,0.013812970914162781
20241108,194.5,194.93,187.3,193.93,3560000,-0.014082380861397792
20241111,193.0,197.55,190.84,193.83,2420000,-0.0005156027871033864
20241112,190.55,192.0,181.16,182.26,2987200,-0.059691519449622366
20241113,183.72,185.35,178.87,182.13,2663500,-0.000713209853732133
20241114,182.26,197.47,179.68,195.14,5510200,0.07143246119829039
20241115,194.59,203.99,190.13,190.45,4085900,-0.02403403943873872
20241118,188.11,195.75,186.23,195.56,1738200,0.026831192923254754
20241119,194.48,195.93,187.15,187.36,2279900,-0.04193085012585618
20241120,187.16,190.8,182.53,184.84,2509300,-0.013450065458217697
20241121,184.6,188.23,181.83,181.95,2101300,-0.015635140915959966
20241122,182.0,188.72,181.76,186.05,1731500,0.022533697017218968
20241125,189.89,193.92,184.26,192.82,3914500,0.036388090090907266
20241126,192.36,193.0,187.15,192.32,1790400,-0.002593091904406375
20241127,194.0,195.8,189.6,192.57,1714800,0.001299916755818975
20241129,194.5,199.83,191.53,199.27,2144900,0.03479252580056147
20241202,204.35,212.15,202.01,207.92,3843900,0.04340840924887668
20241203,205.49,208.22,201.67,207.51,1917800,-0.001971929904386771
20241204,207.69,207.8,199.37,201.57,2304000,-0.028625065490141988
20241205,202.0,203.35,196.0,197.93,1719900,-0.018058314809616727
20241206,200.72,201.8,192.91,194.19,2221700,-0.01889552050103538
20241209,196.02,205.1,194.31,200.0,1988600,0.02991913839821292
20241210,200.46,204.98,194.63,202.92,2430000,0.014599990844726518
20241211,205.68,206.25,197.31,201.0,2319000,-0.009461847951263924
20241212,201.68,201.68,195.98,196.32,1450600,-0.023283545650652937
20241213,196.89,201.72,195.48,199.67,1414000,0.017063929909059805
20241216,197.64,198.93,190.21,190.53,1817100,-0.04577552698685794
20241217,190.3,195.82,187.75,188.27,2278000,-0.011861620329163158
20241218,189.05,194.09,184.14,184.27,2201500,-0.021246082271349387
20241219,183.59,185.17,175.38,175.88,2529500,-0.04553100990459091
20241220,174.46,183.01,173.36,182.39,3462900,0.03701384083525294
20241223,183.4,186.83,180.52,186.36,1718400,0.021766550984091193
20241224,186.84,189.14,184.5,186.21,671900,-0.0008048610001777368
20241226,184.51,186.5,183.24,183.71,732000,-0.013425701680154778
20241227,184.04,184.74,180.52,182.63,1034100,-0.005878840518126038
20241230,181.85,181.91,175.65,178.07,1360400,-0.024968501542338317
20241231,179.26,180.8,176.01,176.24,1383500,-0.010276867275704316
20250102,177.91,187.42,177.5,186.47,1794800,0.05804582052135632
20250103,187.61,188.0,184.06,186.43,1277800,-0.00021455754094468205
20250106,191.48,197.66,189.96,191.27,2194800,0.02596155010903689
20250107,194.13,201.2,194.0,197.73,2108600,0.03377420040141765
20250108,194.1,195.01,188.31,191.13,1780700,-0.033378804366237746
20250110,190.52,191.66,186.97,189.24,1410500,-0.009888554080282996
20250113,186.66,187.0,180.28,183.61,1497000,-0.0297506062110946
20250114,186.0,189.3,182.79,185.35,1215200,0.009476637913947927
20250115,190.1,192.68,186.27,186.82,1376000,0.007930947786870535
20250116,189.4,194.57,187.73,190.89,1832500,0.021785632725976667
20250117,193.88,194.0,190.57,192.88,1538900,0.01042488081893711
20250121,189.8,192.15,179.59,183.51,3362900,-0.04857948018857361
20250122,183.23,183.65,171.68,171.9,4383100,-0.06326631223303247
20250123,171.01,175.75,165.85,174.11,4240200,0.012856351322490633
20250124,173.79,174.04,167.65,168.25,3910700,-0.033656886966911936
20250127,166.3,168.4,161.57,164.31,3044200,-0.023417547942979233
20250128,164.52,165.0,158.08,160.24,2975900,-0.024770203431950688
20250129,164.93,171.5,164.18,166.01,3346200,0.036008417472988885
20250130,168.14,169.97,165.54,167.39,1375400,0.008312781931666624
20250131,166.28,169.77,166.08,167.52,1793400,0.0007766586013890908
20250203,163.31,169.95,162.0,167.19,2127500,-0.001969924920237953
20250204,165.53,169.9,162.46,166.23,1641300,-0.0057420102867911105
20250205,169.64,171.54,162.19,162.37,2360800,-0.02322084286567827
20250206,163.39,167.74,162.59,167.67,1879300,0.03264151759031986
20250207,167.67,170.72,165.31,168.34,1641700,0.0039959335376758
20250210,169.94,170.4,162.68,162.89,2587400,-0.0323749380230649
20250211,165.46,166.86,160.28,161.6,2608500,-0.007919413659318808
20250212,159.66,162.09,157.86,158.61,1962100,-0.018502508541050178
20250213,158.48,161.49,157.07,160.34,1424900,0.010907229814524966
20250214,161.2,163.71,159.33,159.76,1406300,-0.003617324711873038
20250218,160.6,163.25,158.5,162.87,1923700,0.019466704539843338
20250219,166.29,170.7,162.28,162.5,2505900,-0.002271720564130164
20250220,161.94,164.55,159.32,164.09,2282200,0.009784592848557594
20250221,162.46,164.22,153.53,155.44,3879300,-0.052714937470487166
20250224,155.22,155.65,151.0,152.91,2711000,-0.016276368628150073
20250225,150.93,152.67,146.19,147.46,5095000,-0.035641860033469364
20250226,154.66,167.96,154.66,156.84,7054300,0.06361039737523178
20250227,155.88,160.92,140.84,141.18,4416300,-0.09984700349247655
20250228,141.09,141.32,133.9,136.18,5783800,-0.03541578310945559
20250303,135.28,136.0,126.54,127.63,4698600,-0.06278451962263798
20250304,125.49,135.68,124.96,131.23,4354100,0.028206523165342112
20250305,131.61,132.46,129.22,130.9,3241300,-0.0025146829368175583
20250306,128.65,133.75,127.4,131.13,2418800,0.0017571504740483412
20250307,130.96,139.72,130.91,139.13,3456400,0.061008157569653054
20250310,137.36,139.74,132.12,133.11,3449100,-0.04326891440513869
20250311,135.29,140.95,135.0,139.1,3780100,0.04500041669069188
20250312,139.71,140.98,134.4,136.04,2134300,-0.021998653365303267
20250313,135.07,138.81,131.79,132.81,2100300,-0.02374298652562712
20250314,136.02,136.02,131.52,132.51,2112300,-0.002258889069141512
20250317,133.42,135.7,132.06,133.03,2441900,0.003924264538657907
20250318,131.51,132.01,125.67,127.34,3017700,-0.042772325743205
20250319,127.89,131.26,127.5,129.34,2053000,0.015705984431577225
20250320,127.8,130.99,126.6,128.46,1833500,-0.006803692971542485
20250321,128.8,131.65,127.8,131.32,4510100,0.022263743273203795
20250324,133.71,135.0,128.68,128.82,3866100,-0.0190374646707695
20250325,128.64,133.32,128.18,131.46,3762700,0.02049370625328395
20250326,131.07,132.5,124.53,126.34,3693500,-0.038947285215956695
20250327,125.4,130.96,124.32,126.6,2647100,0.002057955863280947
20250328,126.15,129.2,124.32,127.32,3086800,0.005687213502220567
20250331,125.33,127.1,120.6,126.43,3186800,-0.00699025598320524
20250401,126.11,127.77,122.36,127.57,3082400,0.009016842417912896
20250402,127.09,129.97,125.55,129.82,1950700,0.017637435406263613
20250403,128.85,140.52,128.57,136.23,8819800,0.04937596704421443
20250404,134.48,134.87,125.36,128.69,4689300,-0.05534752640830187
20250407,126.16,140.13,126.0,130.05,5115700,0.01056803624641156
20250408,135.47,137.23,118.57,120.38,4371300,-0.07435605975719461
20250409,120.82,130.31,116.56,129.63,6027300,0.07684007177639218
20250410,125.0,125.7,117.65,122.19,3736900,-0.057394138402849904
20250411,122.97,126.33,120.15,125.93,2690300,0.030608051305694772
20250414,129.11,133.14,126.45,131.26,2705600,0.042325055100004505
20250415,131.21,134.03,126.0,126.82,2570800,-0.03382595610104555
20250416,126.06,128.7,121.83,124.38,2417000,-0.01923988682603528
20250417,124.59,128.38,123.2,127.98,2279800,0.02894360976854493
20250421,126.46,126.51,120.43,122.45,1930900,-0.043209925485533374
20250422,131.5,141.46,129.33,135.35,8077900,0.10534919948365595
20250423,138.07,138.11,129.94,131.1,3722500,-0.03140007246656196
20250424,133.0,137.7,131.84,136.44,3242800,0.04073223561617678
20250425,135.01,142.2,134.92,141.86,2703000,0.03972440685987899
20250428,143.65,144.63,138.57,140.73,2755900,-0.00796563427287933
20250429,140.72,144.0,136.82,137.24,5607300,-0.024799192356488198
20250430,120.76,127.6,119.09,125.82,13743700,-0.08321193049579612
20250501,127.94,130.07,126.32,126.57,4499400,0.0059608965332944575
20250502,127.68,132.27,125.55,130.54,3396000,0.0313659919481768
20250505,128.65,129.23,122.48,127.16,3736800,-0.02589236860626143
20250506,127.0,130.79,126.23,126.76,2703100,-0.003145655193136032
20250507,125.98,130.0,125.8,129.78,2065800,0.023824523447236734
20250508,130.34,135.3,127.33,133.76,4269100,0.030667250462125706
20250509,134.12,143.61,133.75,140.68,5430400,0.051734438196255006
20250512,148.94,156.89,142.57,156.21,12000800,0.11039248540392843
20250513,176.12,195.44,175.24,191.6,20211200,0.22655398417895833
20250514,190.48,198.87,186.85,192.98,8542900,0.007202450835402718
20250515,190.5,190.83,180.92,186.18,5979100,-0.03523682869885891
20250516,187.3,188.0,175.57,178.46,5256300,-0.041465174914674385
20250519,171.4,174.08,160.78,164.92,10873000,-0.07587138874555333
20250520,165.37,172.89,164.7,167.22,6089900,0.013946174371173958
20250521,161.65,164.82,159.61,163.37,4896000,-0.023023598106749477
20250522,159.95,161.0,152.72,156.35,7911900,-0.042969879558583224
20250523,154.01,161.62,152.59,158.38,3562500,0.01298368212376566
20250527,158.55,158.69,153.78,155.73,3835200,-0.016731967884672128
20250528,155.51,157.33,153.87,156.45,2221600,0.0046233945961369205
20250529,158.0,159.38,153.77,155.95,2514000,-0.003195909298517985
20250530,155.75,160.64,154.2,158.08,5258100,0.013658255367067662
20250602,158.21,158.82,148.8,149.65,4165200,-0.05332747872548571
20250603,149.08,159.65,145.89,159.37,4474600,0.06495156443124639
20250604,159.9,163.17,156.25,159.81,3033800,0.002760886332980661
20250605,160.65,167.2,157.76,163.84,3604500,0.02521743846356861
20250606,165.14,166.92,162.5,166.35,2121600,0.015319884165820863
20250609,167.85,168.63,160.09,160.16,2601400,-0.03721071364165962
20250610,162.47,164.94,159.85,164.62,3025200,0.027847098858010844
20250611,170.0,174.43,166.72,167.86,3617600,0.019681725120071825
20250612,167.52,168.94,163.76,167.83,2120800,-0.00017871308940664576
20250613,164.63,179.5,164.1,175.2,4466800,0.04391345430959648
20250616,176.32,177.63,169.63,175.25,4928900,0.00028540555153422353
20250617,137.95,146.93,135.5,143.9,20640000,-0.1788873386791191
20250618,143.71,150.75,141.5,143.67,7610700,-0.001598302552427544
20250620,144.0,147.73,143.8,145.0,5074300,0.009257338678954508
20250623,144.3,147.0,139.26,144.67,3708200,-0.0022758746969289145
20250624,145.94,153.49,142.84,151.18,5149100,0.04499892575676667
20250625,152.0,152.97,147.3,152.7,3386700,0.010054268726687354
20250626,156.81,158.99,154.0,155.63,4127900,0.01918800257450859
20250627,156.37,158.19,149.54,152.14,4371600,-0.022425016922617114
20250630,161.63,167.79,159.52,165.54,7938500,0.08807673163035457
20250701,165.02,169.63,158.81,162.96,6575500,-0.015585276530766579
20250702,165.0,178.31,164.71,170.52,6332300,0.04639173568437527
20250703,178.0,189.5,177.85,185.03,6399700,0.08509262340652723
20250707,183.0,183.88,175.35,177.06,3697400,-0.04307410297402481
20250708,168.32,172.62,165.15,165.48,4965800,-0.06540157003686031
20250709,165.3,167.24,163.19,165.99,2979100,0.0030820025307756183
20250710,166.59,168.48,164.6,165.09,3018200,-0.00542206835043757
20250711,163.6,165.64,161.76,162.44,2136800,-0.016051813891016287
20250714,162.5,165.15,159.85,160.84,1911500,-0.0098498281178786
20250715,167.34,172.8,165.89,171.93,4188700,0.06895048862468833
20250716,172.1,173.37,165.57,166.82,3211800,-0.029721314309590574
20250717,167.74,175.85,167.6,173.54,3650200,0.04028285377576801
20250718,173.4,177.23,171.86,175.85,2611600,0.013311126580338506
20250721,176.93,181.25,175.2,178.33,2298200,0.014102903846811232
20250722,178.34,181.06,175.53,179.99,1944900,0.009308605647198043
20250723,180.68,181.88,176.88,179.77,1894400,-0.0012222968719864946
20250724,180.29,181.99,177.06,180.72,2046700,0.00528451313158107
20250725,180.05,186.81,179.32,185.32,2048000,0.02545377419457795
20250728,183.75,184.89,180.32,183.58,2622100,-0.009389193958534214
20250729,183.58,184.51,180.93,181.82,1584800,-0.00958707097331668
20250730,181.99,183.0,176.62,179.13,2300800,-0.014794864883101
20250731,179.89,179.89,171.99,174.73,3571200,-0.024563216855556624
20250801,186.34,189.63,179.0,183.97,5804800,0.05288162146797193
20250804,184.3,186.25,181.47,183.42,2150500,-0.002989634440986877
20250805,183.06,188.83,181.3,186.84,2510800,0.01864572131221598
20250806,186.72,190.0,183.5,185.01,1758600,-0.009794486549578041
20250807,187.57,190.66,185.22,185.6,2216000,0.0031890795859566
20250808,187.39,188.5,183.78,184.65,1631100,-0.005118600085074365
20250811,184.28,187.52,181.52,182.13,1508800,-0.013647382057778934
20250812,184.29,187.77,181.52,184.73,2018200,0.014275466836996209
20250813,185.36,192.54,183.2,184.84,2837900,0.000595466967442615
20250814,182.19,183.04,176.47,180.05,2514600,-0.02591426845398015
20250815,182.12,206.6,179.06,199.95,10932500,0.1105248184348202
20250818,209.68,221.5,209.5,219.33,9507100,0.0969242569572486
20250819,215.33,219.65,208.51,210.96,4568600,-0.0381616516085872
20250820,208.67,212.99,205.26,206.44,3045800,-0.021425882293375054
20250821,204.6,204.6,191.4,192.0,5222700,-0.06994769555626579
20250822,194.15,203.16,191.1,202.28,4433100,0.05354166030883789
20250825,200.0,201.5,195.12,199.44,1937400,-0.014039926611771891
20250826,198.97,201.0,195.79,196.72,2297200,-0.013638192877089672
20250827,195.09,196.71,191.05,191.23,2030800,-0.02790771380183521
20250828,193.75,199.78,192.93,197.02,2017200,0.030277721457314444
20250829,197.15,199.8,195.04,195.19,1397700,-0.009288406209371325
20250902,190.15,196.25,187.64,195.78,1935200,0.003022677035253052
20250903,195.83,203.03,194.3,201.49,2546800,0.029165424197923784
20250904,202.4,204.2,197.5,201.87,1741100,0.001885898127271357
20250905,206.27,213.25,199.3,205.14,3066300,0.016198565173406232
20250908,206.25,206.64,198.95,203.21,2450300,-0.00940817335245947
20250909,204.1,207.23,197.8,203.06,1846800,-0.0007381976788409794
20250910,203.75,209.13,201.25,203.79,1692100,0.003594975555578861
20250911,204.36,208.8,202.58,203.31,1653100,-0.0023553449303328478
20250912,203.54,205.44,201.59,201.7,1239000,-0.007918944615045609
20250915,201.81,207.79,196.8,207.0,1925600,0.026276664015606466
20250916,207.38,208.44,203.99,205.25,1847100,-0.008454106280193274
20250917,205.97,215.25,204.25,210.71,2656800,0.02660173794819576
20250918,211.0,212.66,206.93,209.63,2331200,-0.00512553650345271
20250919,211.01,216.7,209.12,212.49,3860600,0.013643088030028672
20250922,213.23,219.84,211.5,219.2,2692500,0.031577915580099924
20250923,220.0,223.49,215.39,215.73,2479500,-0.015830297760097478
20250924,217.5,228.34,217.5,219.17,2818800,0.01594586988149249
20250925,214.69,225.32,211.01,223.05,2051700,0.017703175230314283
20250926,221.25,223.39,218.66,220.02,1880500,-0.013584392458375283
20250929,222.11,226.93,221.75,223.53,1886400,0.015953069896723404
20250930,223.69,224.32,218.03,220.53,1707200,-0.013421017386404888
20251001,221.78,229.11,221.41,224.82,2625700,0.01945317448269357
20251002,230.02,234.01,227.5,232.13,2773100,0.03251488889087972
20251003,232.25,235.87,226.72,230.13,2191300,-0.008615861620343668
20251006,231.52,235.58,227.77,229.57,2030600,-0.0024333965441790673
20251007,229.57,231.0,225.5,227.89,1416900,-0.007318063688509846
20251008,229.31,233.0,227.91,231.37,1127800,0.015270506546401608
20251009,231.17,237.2,228.9,234.3,1517600,0.012663733398474042
20251010,232.9,234.42,224.0,225.91,2180600,-0.03580878907541052
20251013,227.89,235.88,224.16,226.15,2278400,0.0010623267251765878
20251014,224.26,230.96,220.1,224.43,2191500,-0.007605577126349239
20251015,231.69,248.04,229.08,244.4,4617500,0.08898098236607987
20251016,242.1,245.36,236.64,237.79,2294200,-0.027045829686686562
20251017,235.46,237.31,229.83,231.85,2328000,-0.02497997119445472
20251020,234.52,238.0,228.39,229.0,1422500,-0.012292456452397738
20251021,230.37,230.41,224.16,226.85,1304900,-0.009388619635302908
20251022,227.19,231.55,216.63,223.36,2379900,-0.015384639185645477
20251023,222.8,230.84,222.63,229.0,1681100,0.025250713530787117
20251024,239.68,244.0,234.0,241.41,2595500,0.05419215572973535
20251027,243.61,249.56,241.41,247.69,2068900,0.026013829932610033
20251028,246.07,249.27,236.84,239.6,2552500,-0.0326617798786788
20251029,240.0,246.1,236.0,241.71,2331300,0.008806346229557116
20251030,237.14,242.52,232.77,233.58,2529300,-0.033635367411315675
20251031,249.13,269.67,246.16,266.94,6158700,0.1428204484495228
20251103,265.93,275.08,261.0,265.71,2707600,-0.0046078181429480836
20251104,256.78,269.79,253.78,262.7,2575500,-0.011328061965467207
20251105,262.4,281.55,261.03,277.39,3644300,0.055919306276351444
20251106,278.4,279.96,270.62,271.98,2338800,-0.019503238676294776
20251107,262.08,268.36,254.51,267.64,2513300,-0.015957041556663443
20251110,273.07,278.81,268.06,272.64,2141200,0.018681810365941853
20251111,268.97,273.0,261.06,264.15,1922200,-0.031140039230487804
20251112,268.11,270.37,261.77,267.52,1503400,0.012757884516583218
20251113,267.52,269.77,255.84,256.59,2351500,-0.04085673267287204
20251114,244.41,257.7,243.75,253.08,2816400,-0.013679389519978824
20251117,251.35,258.0,250.25,253.54,1484500,0.0018175733038960917
20251118,247.0,257.38,244.42,252.19,1760300,-0.005324567644060085
20251119,252.19,257.83,249.3,251.87,1514700,-0.0012689136013355196
20251120,258.04,264.79,244.22,245.84,2300700,-0.023940917521721117
20251121,244.64,254.0,241.0,249.91,1923000,0.016555513280372747
20251124,250.0,261.45,249.0,259.85,2094100,0.03977432794105207
20251125,261.53,261.91,253.53,260.36,1570900,0.0019625908642222356
20251126,263.5,274.62,262.69,272.21,1903800,0.04551392982878921
20251128,274.08,276.14,270.51,272.92,1091200,0.002608361173154883
20251201,269.27,272.21,262.69,263.54,2049500,-0.03436906207428503
20251202,264.39,265.94,260.0,262.56,1573300,-0.003718642158885288
20251203,263.0,263.0,252.31,256.06,1862500,-0.02475624642154195
20251204,255.44,260.5,254.7,257.28,1365400,0.004764513131044534
20251205,258.0,264.0,255.12,257.61,1911200,0.001282597068685165
20251208,257.13,258.71,251.32,255.88,1825200,-0.006715502376156257
20251209,253.81,261.27,252.4,253.42,1998900,-0.00961390756184255
20251210,252.15,266.25,251.3,262.23,1825800,0.034764473526313955
20251211,261.11,273.46,253.87,272.83,2315800,0.04042243504497334
20251212,273.0,273.8,249.0,254.8,2969100,-0.06608505079309579
20251215,253.51,257.25,249.76,255.89,1564300,0.004277850568428887
20251216,255.25,260.34,252.0,258.51,1489000,0.010238815046409888
20251217,260.0,264.0,251.7,254.03,1750700,-0.01733012578657933
20251218,258.89,266.72,255.5,261.79,1873500,0.03054761171087894
20251219,263.47,268.9,261.79,266.98,2708100,0.019825059291809
20251222,269.19,285.99,265.65,284.59,3479000,0.06595993942207268
20251223,282.0,283.37,262.0,269.39,3848500,-0.053410105362264204
20251224,270.03,273.5,267.27,272.21,849800,0.010468007919004707
20251226,271.59,271.74,267.0,269.69,822600,-0.009257518433476553
20251229,267.99,275.0,266.05,268.25,1060500,-0.005339472833143288
20251230,268.25,269.43,263.75,264.3,817500,-0.014725115403657951
20251231,264.3,266.3,260.5,261.23,1081700,-0.011615501129138894
20260102,265.86,277.57,265.86,274.34,1476600,0.05018560196075117
20260105,278.39,280.5,263.23,272.0,2006800,-0.008529548622609795
20260106,273.0,277.68,266.28,268.78,1620700,-0.011838239781996829
20260107,254.02,255.92,239.98,241.11,6207900,-0.10294664147113852
20260108,239.66,247.25,238.52,246.26,2301300,0.021359520067386395
20260109,248.02,248.04,235.12,238.66,3712000,-0.03086165440694666
20260112,235.53,244.35,233.0,237.83,2116400,-0.0034777583940280854
20260113,238.5,244.22,237.06,241.36,2063600,0.014842529336582366
20260114,239.61,244.87,235.25,236.45,1906200,-0.02034307113727607
20260115,235.0,252.52,234.81,243.64,3206300,0.030408130827678237
20260116,243.64,248.67,243.0,243.73,1955700,0.0003693824417831948
20260120,239.0,245.0,234.63,242.11,1998400,-0.006646679299163738
20260121,244.5,247.65,238.22,243.72,1463700,0.006649872398053702
20260122,244.35,247.45,239.49,239.68,1976200,-0.016576434123941275
20260123,240.92,246.4,237.92,242.15,1945500,0.010305412617582776
20260126,241.59,249.5,238.12,242.97,2218600,0.0033863611186761844
20260127,242.52,245.9,234.39,235.05,2185600,-0.03259660916637663
20260128,240.36,251.36,238.64,249.41,2206900,0.06109338618978666
20260129,230.22,232.2,214.0,224.01,5257300,-0.10184037842236815
20260130,221.0,233.0,220.85,225.52,2819000,0.006740814261208872
20260202,225.25,231.05,224.54,230.55,2029900,0.022304002678271928
20260203,228.78,242.88,227.67,239.04,1906600,0.036824940889153
20260204,242.85,246.71,231.03,238.06,2155900,-0.004099714504116503
20260205,231.21,238.86,228.52,234.36,1714500,-0.015542287600551208
20260206,233.99,236.76,214.74,218.73,5263900,-0.06669228896614932
20260209,221.3,224.46,217.32,222.13,2650900,0.01554432049415233
20260210,219.0,229.24,218.06,226.24,2459500,0.018502680952624306
20260211,229.81,231.17,222.6,227.74,1211700,0.006630127137462916
20260212,230.13,230.14,217.55,220.45,1648700,-0.032010223803831006
20260213,218.7,228.91,216.73,225.65,2629500,0.023588101702097353
20260217,225.13,228.02,220.46,226.05,2160200,0.0017726973901754928
20260218,227.34,239.12,224.2,238.57,2557300,0.05538599470664152
20260219,238.56,242.18,231.15,233.3,2654600,-0.02208996986489986
20260220,232.48,248.83,230.0,241.88,2804300,0.03677668975062631
20260223,242.51,247.0,239.67,242.15,1670300,0.0011162105516024923
20260224,242.47,250.99,238.55,243.21,3336900,0.0043775050344867505
20260225,197.54,215.09,196.45,210.12,9798300,-0.13605530481157202
20260226,208.01,211.55,197.81,200.1,4995600,-0.04768698480162992
20260227,195.97,197.92,191.86,197.2,3775800,-0.014492798934614748
20260302,193.1,200.79,191.79,199.86,2343000,0.013488862592667905
20260303,192.3,199.53,191.77,197.53,1694000,-0.011658169838582588
20260304,196.83,203.46,196.26,197.27,1882100,-0.001316227957488314
20260305,197.0,199.16,190.23,191.8,1898500,-0.027728499529752093
20260306,188.9,192.3,187.24,189.21,1801400,-0.013503630326803018
20260309,187.35,196.6,187.1,195.38,1955800,0.03260925928867975
20260310,195.7,201.18,195.24,197.8,1954600,0.012386109675843304
20260311,197.0,203.18,195.31,200.25,1419400,0.01238623311649345
20260312,199.74,200.9,196.49,197.56,1536500,-0.013433220681179803
20260313,199.43,201.99,193.76,196.07,1173100,-0.007541963215164982
20260316,200.48,202.0,197.65,199.48,1052400,0.017391688049879006
20260317,199.53,202.72,197.85,200.42,1358400,0.004712264194602023
20260318,198.8,202.0,197.5,197.81,1219900,-0.013022655594235877
20260319,196.7,200.04,194.15,199.65,1319200,0.009301836917244843
20260320,194.74,197.82,189.78,192.82,3564900,-0.03420980105717841
20260323,193.26,196.93,188.1,189.92,2122000,-0.015039980526487584
20260324,189.69,194.86,186.17,192.85,2141300,0.015427590368676691
20260325,195.44,197.35,193.31,193.51,1141000,0.0034222887344170783
20260326,190.59,193.0,185.23,185.83,1568200,-0.03968783470514725
20260327,185.55,195.0,185.0,190.29,2260100,0.02400038428204332
20260330,192.89,193.74,182.99,184.7,1737800,-0.02937619704198069
20260331,186.48,197.85,186.48,197.26,2280400,0.0680021535794253
20260401,198.02,200.73,196.38,199.42,1580200,0.010950034078169413
20260402,196.76,200.94,194.64,195.32,1527300,-0.020559577185699895
20260406,195.5,198.76,194.05,195.57,1599800,0.0012799508018910277
20260407,193.01,193.5,188.99,192.31,1858600,-0.016669272605898677
20260408,198.99,202.14,197.2,200.78,1395800,0.044043478385061396
20260409,200.51,204.13,196.81,197.25,1054700,-0.017581426440674286
20260410,198.16,207.0,197.28,203.47,1610400,0.03153359300736702
20260413,203.58,206.0,198.86,200.35,1621300,-0.015333931776032483
20260414,202.12,203.51,195.19,200.61,2496100,0.0012977015169224337
20260415,211.0,211.0,194.0,195.2,3515400,-0.026967766540299865
20260416,195.4,197.6,188.64,191.65,2498700,-0.018186491328168963
20260417,192.03,194.97,189.47,190.44,3406200,-0.006313548101293809
20260420,190.15,193.41,187.33,192.49,1868800,0.010764561150373497
20260421,193.19,195.37,185.13,186.61,1860900,-0.030547065899591996
20260422,189.35,194.76,188.0,188.71,1967300,0.011253448886163975
20260423,189.57,197.63,189.5,196.19,2212500,0.03963751503056567
20260424,197.24,197.69,190.01,193.76,1506400,-0.012385992682252267
20260427,195.04,198.66,191.87,197.48,1999700,0.019199015927779062
20260428,196.41,197.73,194.13,195.86,1687600,-0.008203337817682455
20260429,197.0,197.98,187.2,190.61,1671400,-0.026804860531193797
20260430,192.41,203.94,189.5,201.89,3259000,0.059178420561236234
20260501,200.08,217.88,199.9,211.71,5067600,0.04864038513005342
20260504,213.0,215.75,205.19,211.39,2927600,-0.0015115361299442576
20260505,213.93,221.58,212.81,219.38,3165100,0.03779746211378865
20260506,218.16,219.54,214.6,218.0,2513200,-0.0062904770357247175
20260507,218.9,223.89,212.29,214.57,3018500,-0.015733911356794694
20260508,216.92,221.21,212.01,219.95,1938300,0.025073353406257715
20260511,221.12,237.57,221.12,233.27,4050600,0.06055925214380964
20260512,234.95,237.0,224.03,228.06,2694400,-0.022334662058744015
20260513,234.33,240.84,231.17,234.6,2629800,0.02867670181063464
20260514,232.51,236.13,226.18,231.62,1854300,-0.012702518792830797
20260515,226.25,237.5,222.5,233.37,2350600,0.007555478960763251
20260518,234.57,234.9,227.68,233.64,2002200,0.0011569793808554607
20260519,228.15,229.04,221.62,221.71,1848000,-0.051061430863493684
20260520,226.09,238.13,222.23,237.86,2326500,0.0728428731560462
20260521,237.2,257.0,236.75,248.88,4296000,0.0463297916597305
20260522,248.45,259.12,242.5,257.85,2476700,0.036041469964317674
20260526,266.13,276.4,264.13,269.95,3969400,0.04692653021950277
20260527,270.0,274.82,265.5,273.67,2078600,0.01378033358950237
20260528,275.6,310.42,274.64,303.38,5596400,0.10856136952294704
20260529,302.65,313.75,297.25,306.79,5993400,0.011240040896652204
20260601,302.09,306.78,292.34,303.0,3371500,-0.012353754813911766
20260602,302.0,313.0,296.89,311.01,2962700,0.026435675794141966
20260603,305.44,320.95,302.0,318.25,2702100,0.023278962113891577
20260604,309.0,320.64,303.1,314.95,2719900,-0.010369168241849969
20260605,305.5,306.55,276.06,279.01,3903900,-0.11411335465445616
20260608,286.69,289.99,274.41,275.39,2278700,-0.012974427405770816
20260609,278.0,278.0,250.01,262.19,2817500,-0.04793206545227269
20260610,258.83,259.85,248.66,249.27,2624000,-0.04927723425241071
20260611,255.81,272.76,250.43,271.17,2467700,0.08785657632250032
20260612,276.74,279.18,266.33,267.31,1793500,-0.014234670789546211
20260615,272.67,275.94,264.04,273.51,2060500,0.023194090245997057
20260616,270.46,279.0,263.63,264.36,1897300,-0.03345407512472143
20260617,262.53,266.17,253.29,254.8,1743300,-0.036162743340642955
20260618,262.0,263.82,248.57,257.7,3682700,0.011381511462087213
20260622,260.39,266.77,259.03,263.11,2081600,0.020993297975418823
20260623,254.0,264.45,248.86,249.24,1799400,-0.052715520621027134
20260624,249.72,257.99,244.3,248.36,1497500,-0.0035307529426155115
20260625,253.65,255.0,242.5,248.64,1208400,0.001127390798070449
20260626,241.36,249.26,237.0,239.07,1834400,-0.03848935042198243
20260629,239.19,242.53,227.41,232.8,1890100,-0.026226645251897995
20260630,238.7,240.61,231.9,235.96,2069300,0.013573898714283272
20260701,231.99,241.0,231.13,232.08,1417500,-0.016443485219584386
20260702,232.08,237.57,219.02,224.57,2596900,-0.032359507271561117
20260706,229.7,238.24,227.26,233.06,1671700,0.037805539286097645
20260707,235.9,237.86,225.96,227.72,1920400,-0.0229125392338001
20260708,224.1,227.16,219.13,224.3,1713700,-0.015018435581469647
20260709,231.68,234.45,227.33,228.5,1632800,0.018724908119029493
20260710,229.82,233.0,225.82,227.83,1338000,-0.002932158288600939
20260713,224.07,226.27,217.19,221.03,1820500,-0.02984682876314193
20260714,227.55,229.2,219.94,220.58,1436200,-0.002035908929681196
20260715,223.99,230.84,219.5,223.82,2024600,0.014688573153814888
20260716,219.81,220.97,210.92,211.93,2028300,-0.053123109013279546
20260717,207.15,212.3,203.77,212.2,1050004,0.0012740257716801207
